((("county" .
   [1 0 0 0 0 0])
  ("delay" .
   [2 0 0 0 0])
  ("countx" .
   [1 0 0 0 0 0])
  ("what_is_this_glue" .
   [0 0 0 0 1 0 0 0 0 0 0 0 0 0 0 0 0])
  ("30000" .
   [1 0 0 0 0])
  ("data" .
   [3 0 0 0])
  ("next" .
   [1 0 0 0])
  ("my_put_in_list" .
   [0 0 0 0 0 0 1 0 0 0 0 0 0 0])
  ("NULL" .
   [1 0 0 0])
  ("name" .
   [3 0 0 0])
  ("elem" .
   [6 0 0 0])
  ("list" .
   [9 0 0 0])
  ("match" .
   [1 0 0 0 0])
  ("error" .
   [1 0 0 0 0])
  ("var" .
   [2 0 0])
  ("my_getnbr" .
   [2 0 0 0 0 0 1 0 0])
  ("var2" .
   [9 0 0 0])
  ("var1" .
   [13 0 0 0])
  ("doop" .
   [4 0 0 0])
  ("do" .
   [1 0])
  ("arg" .
   [7 0 0])
  ("true" .
   [1 0 0 0])
  ("my_str_isnum" .
   [0 0 0 0 0 0 1 0 0 0 0 0])
  ("arguments" .
   [2 0 0 0 2 1 1 0 0])
  ("nombre" .
   [1 0 0 0 0 0])
  ("struct" .
   [9 0 0 0 2 1])
  ("to_find" .
   [0 0 0 0 1 0 0])
  ("tmp" .
   [14 0 0])
  ("char_number" .
   [1 0 0 0 1 2 0 0 1 0 1])
  ("show" .
   [1 0 0 0])
  ("else" .
   [33 0 0 0])
  ("text" .
   [17 0 0 0])
  ("speed" .
   [8 0 0 0 0])
  ("my_put" .
   [1 0 0 0 0 3])
  ("const" .
   [1 0 0 0 0])
  ("printf" .
   [2 0 0 0 0 0])
  ("if" .
   [26 0])
  ("include" .
   [10 0 0 0 0 0 0])
  ("str" .
   [26 0 0])
  ("while" .
   [14 0 0 0 0])
  ("int" .
   [95 0 0])
  ("void" .
   [19 0 0 0])
  ("char" .
   [89 0 0 0])
  ("my_strlen" .
   [4 0 0 0 0 2 3 0 0])
  ("src" .
   [10 0 0])
  ("length" .
   [1 0 0 2 0 0])
  ("my_strdup" .
   [0 0 1 0 0 0 0 0 0])
  ("my_putchar" .
   [9 0 0 1 0 1 0 3 2 7])
  ("my_put_nbr" .
   [8 0 0 1 0 0 1 0 1 1])
  ("return" .
   [40 0 0 2 1 2])
  ("my_putstr" .
   [18 0 2 3 0 1 6 2 18])
  ("my_strcpy" .
   [0 0 0 0 0 0 1 0 0])
  ("arg_nb" .
   [5 0 0 0 0 1])
  ("args" .
   [7 0 0 3])
  ("sizeof" .
   [2 0 0 0 0 0])
  ("dest" .
   [8 0 0 0])
  ("size" .
   [4 0 0 0])
  ("tab" .
   [6 0 0])
  ("main" .
   [4 0 0 0])
  ("my_params_in_list" .
   [0 0 0 3 0 0 0 0 0 0 0 0 0 0 0 0 0])
  ("LIST_H_" .
   [0 0 0 0 1 0 0])
  ("s_list" .
   [5 0 0 0 0 0])
  ("typedef" .
   [3 0 0 0 0 0 0])
  ("file" .
   [6 0 0 1])
  ("openfile" .
   [7 0 0 0 0 0 0 0])
  ("open" .
   [4 0 0 0])
  ("close" .
   [8 0 0 0 1])
  ("filename" .
   [8 0 0 0 0 1 0 0])
  ("file_status" .
   [4 0 0 0 0 0 1 0 0 0 0])
  ("stat" .
   [1 0 0 0])
  ("state" .
   [17 0 0 0 0])
  ("file_state" .
   [7 0 0 0 0 0 0 0 0 0])
  ("content" .
   [5 0 0 0 0 0 0])
  ("read" .
   [2 0 0 0])
  ("buffer" .
   [11 0 0 1 0 0])
  ("O_TEXT" .
   [1 0 0 0 0 0])
  ("O_RDONLY" .
   [1 0 0 0 0 0 0 0])
  ("returnd" .
   [5 0 0 0 0 0 0])
  ("in" .
   [1 0])
  ("argnb" .
   [3 0 0 0 0])
  ("errno" .
   [5 0 0 0 0])
  ("union" .
   [0 0 0 1 0])
  ("BUFF_SIZE" .
   [0 0 2 1 0 0 0 0 0])
  ("len" .
   [4 0 0])
  ("buff" .
   [17 0 0 0])
  ("slp" .
   [8 0 0])
  ("20000000" .
   [2 0 0 0 0 0 0 0])
  ("astekretard" .
   [1 0 1 0 0 0 0 0 0 0 0])
  ("colle" .
   [11 0 0 0 0])
  ("display" .
   [1 0 0 0 0 0 0])
  ("long" .
   [2 0 0 0])))
